abre te sesamo

camera matrix
524.686798 0.000000 308.606851
0.000000 524.179778 218.747373
0.000000 0.000000 1.000000

distortion
0.023251 -0.108359 -0.006554 -0.004673 0.000000

rectification
1.000000 0.000000 0.000000
0.000000 1.000000 0.000000
0.000000 0.000000 1.000000

projection
520.991211 0.000000 305.134571 0.000000
0.000000 523.749023 216.177459 0.000000
0.000000 0.000000 1.000000 0.000000




migalhas falso - so+ciencicia viva


camera matrix
524.096875 0.000000 315.649378
0.000000 526.426338 226.766538
0.000000 0.000000 1.000000

distortion
0.013378 -0.067289 -0.002523 -0.002737 0.000000

rectification
1.000000 0.000000 0.000000
0.000000 1.000000 0.000000
0.000000 0.000000 1.000000

projection
521.704468 0.000000 313.841171 0.000000
0.000000 526.342957 225.810958 0.000000
0.000000 0.000000 1.000000 0.000000


broken vislab1


camera matrix
539.552921 0.000000 324.093184
0.000000 539.523659 253.411761
0.000000 0.000000 1.000000

distortion
0.201576 -0.348493 -0.000212 0.004657 0.000000

rectification
1.000000 0.000000 0.000000
0.000000 1.000000 0.000000
0.000000 0.000000 1.000000

projection
554.691345 0.000000 326.736801 0.000000
0.000000 556.726318 253.367939 0.000000
0.000000 0.000000 1.000000 0.000000






