## ervilhas migalhas

camera matrix
520.479786 0.000000 329.252699
0.000000 520.304276 240.533365
0.000000 0.000000 1.000000

distortion
0.023651 -0.075087 -0.000359 0.002949 0.000000

rectification
1.000000 0.000000 0.000000
0.000000 1.000000 0.000000
0.000000 0.000000 1.000000

projection
519.265564 0.000000 331.286050 0.000000
0.000000 521.482605 240.413145 0.000000
0.000000 0.000000 1.000000 0.000000

## abretesesamo

camera matrix
525.168085 0.000000 310.173263
0.000000 523.813341 231.849766
0.000000 0.000000 1.000000

distortion
0.015986 -0.060886 0.000417 0.001921 0.000000

rectification
1.000000 0.000000 0.000000
0.000000 1.000000 0.000000
0.000000 0.000000 1.000000

projection
523.928894 0.000000 311.105359 0.000000
0.000000 524.347900 231.949060 0.000000
0.000000 0.000000 1.000000 0.000000


## fernando


camera matrix
551.051337 0.000000 333.480273
0.000000 546.114485 258.471692
0.000000 0.000000 1.000000

distortion
0.042642 -0.128102 -0.002229 -0.007864 0.000000

rectification
1.000000 0.000000 0.000000
0.000000 1.000000 0.000000
0.000000 0.000000 1.000000

projection
551.406738 0.000000 329.378313 0.000000
0.000000 549.831482 257.871250 0.000000
0.000000 0.000000 1.000000 0.000000









